{
  "asset": {
    "version": "2.0",
    "generator": "GLTFExporter"
  },
  "scenes": [
    {
      "name": "AuxScene",
      "nodes": [
        42
      ]
    }
  ],
  "scene": 0,
  "nodes": [
    {
      "name": "Cube",
      "extras": {
        "transformData": {
          "eulerOrder": "ZYX",
          "parentMatrixWorld": {
            "elements": [
              1,
              0,
              0,
              0,
              0,
              1,
              0,
              0,
              0,
              0,
              1,
              0,
              0.15704602003097534,
              -6.204776272177696,
              0,
              1
            ]
          }
        }
      },
      "mesh": 0,
      "skin": 0
    },
    {
      "translation": [
        0,
        1.6476812362670898,
        0.14629079401493073
      ],
      "name": "mixamorigHeadTop_End",
      "extras": {
        "transformData": {
          "eulerOrder": "ZYX",
          "translation": [
            0,
            1.6476812362670898,
            0.14629079401493073
          ],
          "parentMatrixWorld": {
            "elements": [
              0.9542167731418087,
              -0.12079290202483624,
              -0.2736410481625116,
              0,
              0.15901335196754604,
              0.9797061332802224,
              0.12202723332412058,
              0,
              0.2533477892445581,
              -0.15995301371687987,
              0.954059709686497,
              0,
              0,
              0.7516727447509766,
              0.06673789024353027,
              1
            ]
          }
        }
      }
    },
    {
      "rotation": [
        0.07150337435235025,
        0.13363163028631786,
        -0.07095210226706782,
        0.9858983914922471
      ],
      "translation": [
        0,
        0.7516727447509766,
        0.06673789024353027
      ],
      "name": "mixamorigHead",
      "extras": {
        "transformData": {
          "eulerOrder": "ZYX",
          "translation": [
            0,
            0.7516727447509766,
            0.06673789024353027
          ],
          "parentMatrixWorld": {
            "elements": [
              0.9966466119643446,
              0.04304942347832751,
              -0.06958648103626114,
              0,
              -0.04666900592757015,
              0.9975945863252391,
              -0.051254711663017406,
              0,
              0.0672126110976112,
              0.054330366463979006,
              0.9962583382707975,
              0,
              0,
              1.0108229862026246,
              3.9166110493704664e-8,
              1
            ]
          }
        }
      },
      "children": [
        1
      ]
    },
    {
      "rotation": [
        -0.026427671900433804,
        0.034240458853880634,
        0.022456290773488156,
        0.9988117618228723
      ],
      "translation": [
        0,
        1.0108229862026246,
        3.9166110493704664e-8
      ],
      "name": "mixamorigNeck",
      "extras": {
        "transformData": {
          "eulerOrder": "ZYX",
          "translation": [
            0,
            1.0108229862026246,
            3.9166110493704664e-8
          ],
          "preRotation": [
            0.8430076703560568,
            0,
            0
          ],
          "parentMatrixWorld": {
            "elements": [
              0.9998682123180753,
              0.01447394187978468,
              0.007352753774211455,
              0,
              -0.014611458360752984,
              0.9997125858253048,
              0.019006604009422397,
              0,
              -0.007075539991799029,
              -0.019111533634421515,
              0.9997923214315584,
              0,
              0,
              0.8985080534658376,
              -4.489351113079465e-10,
              1
            ]
          }
        }
      },
      "children": [
        2
      ]
    },
    {
      "rotation": [
        2.3916802529432193e-9,
        -6.638246218930404e-26,
        -2.775557564921703e-17,
        1
      ],
      "translation": [
        0.04459521420343626,
        0.20119490559644504,
        1.3963541434236504e-10
      ],
      "name": "mixamorigLeftHandThumb4",
      "extras": {
        "transformData": {
          "eulerOrder": "ZYX",
          "translation": [
            0.04459521420343626,
            0.20119490559644504,
            1.3963541434236504e-10
          ],
          "preRotation": [
            2.740663688768553e-7,
            0,
            -3.180554685312431e-15
          ],
          "parentMatrixWorld": {
            "elements": [
              0.8424673887784885,
              0.5197704497740716,
              -0.14172995657783388,
              0,
              -0.5387459618552775,
              0.813386119986029,
              -0.21944432325973862,
              0,
              0.0012205058489766635,
              0.26123112748666066,
              0.9652755093151353,
              0,
              0.00944591188788002,
              0.293084547539495,
              1.7827956888538665e-9,
              1
            ]
          }
        }
      }
    },
    {
      "rotation": [
        -0.1262990097717754,
        0.0375606905301452,
        0.27812856764031707,
        0.9514632213169931
      ],
      "translation": [
        0.00944591188788002,
        0.293084547539495,
        1.7827956888538665e-9
      ],
      "name": "mixamorigLeftHandThumb3",
      "extras": {
        "transformData": {
          "eulerOrder": "ZYX",
          "translation": [
            0.00944591188788002,
            0.293084547539495,
            1.7827956888538665e-9
          ],
          "preRotation": [
            -4.314622038096929,
            -7.951386703658794e-16,
            3.1805546814635176e-15
          ],
          "parentMatrixWorld": {
            "elements": [
              0.9966083029451069,
              -0.0822897812035128,
              0.0005314229501814068,
              0,
              0.08222241134286846,
              0.9960154225050553,
              0.03453625927978092,
              0,
              -0.0033712866739747773,
              -0.0343754278744878,
              0.9994033041693466,
              0,
              -0.05404108851301359,
              0.3960280640965328,
              -4.758620164579952e-10,
              1
            ]
          }
        }
      },
      "children": [
        4
      ]
    },
    {
      "rotation": [
        0.017245117212597222,
        -0.000976651242983471,
        -0.04116909860315281,
        0.9990028815798667
      ],
      "translation": [
        -0.05404108851301359,
        0.3960280640965328,
        -4.758620164579952e-10
      ],
      "scale": [
        1,
        0.9999999999999999,
        0.9999999999999999
      ],
      "name": "mixamorigLeftHandThumb2",
      "extras": {
        "transformData": {
          "eulerOrder": "ZYX",
          "translation": [
            -0.05404108851301359,
            0.3960280640965328,
            -4.758620164579952e-10
          ],
          "preRotation": [
            4.550689267045393,
            -3.975693351829396e-16,
            -3.1805546814635168e-15
          ],
          "parentMatrixWorld": {
            "elements": [
              0.9484295721512348,
              0.1854742954295491,
              -0.2570615290232665,
              0,
              -0.12886282522741835,
              0.9665131736312048,
              0.2219158753185969,
              0,
              0.28961304570629265,
              -0.17734590262795352,
              0.9405704181326074,
              0,
              -0.24876390871514414,
              0.4332895842372153,
              3.443963381144499e-8,
              1
            ]
          }
        }
      },
      "children": [
        5
      ]
    },
    {
      "rotation": [
        0.1016685551036092,
        0.13920594756274118,
        0.0800432263688938,
        0.9817730210183168
      ],
      "translation": [
        -0.24876390871514414,
        0.4332895842372153,
        3.443963381144499e-8
      ],
      "name": "mixamorigLeftHandThumb1",
      "extras": {
        "transformData": {
          "eulerOrder": "ZYX",
          "translation": [
            -0.24876390871514414,
            0.4332895842372153,
            3.443963381144499e-8
          ],
          "preRotation": [
            -0.0000028658292975233957,
            -5.697975528249925e-7,
            22.090932227562977
          ],
          "parentMatrixWorld": {
            "elements": [
              0.880412418078476,
              0.00959844013547227,
              0.4741116313185325,
              0,
              0.020735605091660444,
              0.9980596277727007,
              -0.05871127667777653,
              0,
              -0.47375521494336825,
              0.061521128684521684,
              0.8785050608104246,
              0,
              4.276675791281548e-9,
              1.7891568435242577,
              -1.9580537191643543e-9,
              1
            ]
          }
        }
      },
      "children": [
        6
      ]
    },
    {
      "rotation": [
        -9.469869378414346e-10,
        -6.93889413728521e-18,
        1.73472352733957e-18,
        1
      ],
      "translation": [
        -0.001981782173540725,
        0.2598333984921455,
        -6.689816922644809e-9
      ],
      "name": "mixamorigLeftHandIndex4",
      "extras": {
        "transformData": {
          "eulerOrder": "ZYX",
          "translation": [
            -0.001981782173540725,
            0.2598333984921455,
            -6.689816922644809e-9
          ],
          "preRotation": [
            -1.0851670958466367e-7,
            -7.9513869692077935e-16,
            1.9878467423019484e-16
          ],
          "parentMatrixWorld": {
            "elements": [
              0.9999681569963672,
              -0.007892137600722405,
              -0.001182858348426734,
              0,
              0.00797977846901225,
              0.9905336936374911,
              0.13703767314758847,
              0,
              0.00009014081577002212,
              -0.1370427484043248,
              0.9905651295826721,
              0,
              -0.0018195169530589306,
              0.3206630409518203,
              9.129243805361398e-9,
              1
            ]
          }
        }
      }
    },
    {
      "rotation": [
        0.06868284679635071,
        0.0003190056629048481,
        -0.003977403324212424,
        0.9976305378131028
      ],
      "translation": [
        -0.0018195169530589306,
        0.3206630409518203,
        9.129243805361398e-9
      ],
      "name": "mixamorigLeftHandIndex3",
      "extras": {
        "transformData": {
          "eulerOrder": "ZYX",
          "translation": [
            -0.0018195169530589306,
            0.3206630409518203,
            9.129243805361398e-9
          ],
          "preRotation": [
            2.3833222910947987,
            7.951386703658792e-16,
            0
          ],
          "parentMatrixWorld": {
            "elements": [
              0.9997749602245873,
              -0.02113298002601331,
              -0.001850962761605941,
              0,
              0.02118724653027768,
              0.9903402425486733,
              0.1370303053090824,
              0,
              -0.0010627757947779546,
              -0.13703868484429943,
              0.9905651262606385,
              0,
              0.003801297814114424,
              0.39042012496762535,
              -9.048006788248131e-11,
              1
            ]
          }
        }
      },
      "children": [
        8
      ]
    },
    {
      "rotation": [
        0.06868331568742804,
        0.00019752433222403713,
        -0.010605699969567839,
        0.9975821180526818
      ],
      "translation": [
        0.003801297814114424,
        0.39042012496762535,
        -9.048006788248131e-11
      ],
      "name": "mixamorigLeftHandIndex2",
      "extras": {
        "transformData": {
          "eulerOrder": "ZYX",
          "translation": [
            0.003801297814114424,
            0.39042012496762535,
            -9.048006788248131e-11
          ],
          "preRotation": [
            18.733725852117786,
            0,
            -3.975693351829396e-16
          ],
          "parentMatrixWorld": {
            "elements": [
              0.9992014894204412,
              -0.03981705060518467,
              -0.003314519781513741,
              0,
              0.03970198899083717,
              0.9801407917095434,
              0.19428788176871611,
              0,
              -0.004487274278370668,
              -0.1942643338678187,
              0.9809389550023793,
              0,
              -8.655285377301425e-10,
              0.8698328670177817,
              0.001196657317730665,
              1
            ]
          }
        }
      },
      "children": [
        9
      ]
    },
    {
      "rotation": [
        0.09762395032536655,
        -0.0002946551895411343,
        -0.01997920088739022,
        0.9950227744870657
      ],
      "translation": [
        -8.655285377301425e-10,
        0.8698328670177817,
        0.001196657317730665
      ],
      "name": "mixamorigLeftHandIndex1",
      "extras": {
        "transformData": {
          "eulerOrder": "ZYX",
          "translation": [
            -8.655285377301425e-10,
            0.8698328670177817,
            0.001196657317730665
          ],
          "preRotation": [
            5.464325889927523,
            -5.936623070335109e-7,
            3.1988017643910496
          ],
          "parentMatrixWorld": {
            "elements": [
              0.880412418078476,
              0.00959844013547227,
              0.4741116313185325,
              0,
              0.020735605091660444,
              0.9980596277727007,
              -0.05871127667777653,
              0,
              -0.47375521494336825,
              0.061521128684521684,
              0.8785050608104246,
              0,
              4.276675791281548e-9,
              1.7891568435242577,
              -1.9580537191643543e-9,
              1
            ]
          }
        }
      },
      "children": [
        10
      ]
    },
    {
      "rotation": [
        -0.031015034641890385,
        -0.24451081207372014,
        -0.0028729322672017225,
        0.9691461475905189
      ],
      "translation": [
        4.276675791281548e-9,
        1.7891568435242577,
        -1.9580537191643543e-9
      ],
      "scale": [
        1,
        0.9999999999999999,
        1
      ],
      "name": "mixamorigLeftHand",
      "extras": {
        "transformData": {
          "eulerOrder": "ZYX",
          "translation": [
            4.276675791281548e-9,
            1.7891568435242577,
            -1.9580537191643543e-9
          ],
          "preRotation": [
            4.811365921788712,
            -3.418946059043298,
            -3.0120282052532423
          ],
          "parentMatrixWorld": {
            "elements": [
              0.9716983215437927,
              0.23510327183258922,
              -0.022996111240998936,
              0,
              -0.23561755088925018,
              0.9715734880552278,
              -0.023007056752291265,
              0,
              0.016933377440674635,
              0.02777420603839469,
              0.9994707870485454,
              0,
              -5.879328579538878e-9,
              2.224138061920293,
              2.0449508753017653e-9,
              1
            ]
          }
        }
      },
      "children": [
        7,
        11
      ]
    },
    {
      "rotation": [
        -0.012787165831600871,
        0.010054594259464516,
        0.11853161756418087,
        0.9928170061185573
      ],
      "translation": [
        -5.879328579538878e-9,
        2.224138061920293,
        2.0449508753017653e-9
      ],
      "name": "mixamorigLeftForeArm",
      "extras": {
        "transformData": {
          "eulerOrder": "ZYX",
          "translation": [
            -5.879328579538878e-9,
            2.224138061920293,
            2.0449508753017653e-9
          ],
          "preRotation": [
            12.760827399346477,
            -7.439438810171566e-7,
            10.349930036102267
          ],
          "parentMatrixWorld": {
            "elements": [
              0.9354924536256904,
              0.3074257493645119,
              -0.17419323775720097,
              0,
              0.045854919600324895,
              0.38318784225589986,
              0.9225315515434234,
              0,
              0.35035867593241665,
              -0.8710089241060257,
              0.3443723504880396,
              0,
              -1.853645292815287e-10,
              0.8251733850042524,
              -1.0234977310119575e-8,
              1
            ]
          }
        }
      },
      "children": [
        12
      ]
    },
    {
      "rotation": [
        0.5495298583520624,
        0.1607195057718336,
        0.08014370625078636,
        0.8159431413917811
      ],
      "translation": [
        -1.853645292815287e-10,
        0.8251733850042524,
        -1.0234977310119575e-8
      ],
      "name": "mixamorigLeftArm",
      "extras": {
        "transformData": {
          "eulerOrder": "ZYX",
          "translation": [
            -1.853645292815287e-10,
            0.8251733850042524,
            -1.0234977310119575e-8
          ],
          "preRotation": [
            44.01872509308022,
            8.903175223277428,
            8.576299609001382e-8
          ],
          "parentMatrixWorld": {
            "elements": [
              0.04566066002348812,
              0.033149078735064064,
              -0.9984068256072351,
              0,
              0.979705722995856,
              -0.19675320744067412,
              0.0382727692952503,
              0,
              -0.19517107154818356,
              -0.9798924671204373,
              -0.041460192483761864,
              0,
              0.38388705253601074,
              0.8640497165189309,
              -0.0014085002502790267,
              1
            ]
          }
        }
      },
      "children": [
        13
      ]
    },
    {
      "rotation": [
        0.5665408325857731,
        0.4469469557507914,
        -0.5266954421042165,
        0.44929031494898447
      ],
      "translation": [
        0.38388705253601074,
        0.8640497165189309,
        -0.0014085002502790267
      ],
      "scale": [
        1,
        0.9999999999999999,
        0.9999999999999999
      ],
      "name": "mixamorigLeftShoulder",
      "extras": {
        "transformData": {
          "eulerOrder": "ZYX",
          "translation": [
            0.38388705253601074,
            0.8640497165189309,
            -0.0014085002502790267
          ],
          "preRotation": [
            -69.01410164270024,
            89.79158503557706,
            -179.77934375040522
          ],
          "parentMatrixWorld": {
            "elements": [
              0.9998682123180753,
              0.01447394187978468,
              0.007352753774211455,
              0,
              -0.014611458360752984,
              0.9997125858253048,
              0.019006604009422397,
              0,
              -0.007075539991799029,
              -0.019111533634421515,
              0.9997923214315584,
              0,
              0,
              0.8985080534658376,
              -4.489351113079465e-10,
              1
            ]
          }
        }
      },
      "children": [
        14
      ]
    },
    {
      "rotation": [
        1.0431171332800659e-8,
        6.938894120241711e-18,
        5.5511148257182505e-17,
        0.9999999999999998
      ],
      "translation": [
        -0.05323083419517638,
        0.1786502970332613,
        2.224885609081184e-9
      ],
      "name": "mixamorigRightHandThumb4",
      "extras": {
        "transformData": {
          "eulerOrder": "ZYX",
          "translation": [
            -0.05323083419517638,
            0.1786502970332613,
            2.224885609081184e-9
          ],
          "preRotation": [
            0.000001195324185494663,
            7.951386288021665e-16,
            6.361109030417332e-15
          ],
          "parentMatrixWorld": {
            "elements": [
              0.9873903721179605,
              -0.1530223642943584,
              0.04055131767319797,
              0,
              0.15830422142213488,
              0.9547098390184179,
              -0.2519303431601601,
              0,
              -0.00016376568515030773,
              0.25517304001525903,
              0.966895389167239,
              0,
              -0.0014297102963236608,
              0.2977579027786943,
              5.132214653258416e-10,
              1
            ]
          }
        }
      }
    },
    {
      "rotation": [
        -0.1282430738210678,
        -0.010296573862433434,
        -0.07873242348432541,
        0.9885590076446533
      ],
      "translation": [
        -0.0014297102963236608,
        0.2977579027786943,
        5.132214653258416e-10
      ],
      "scale": [
        1,
        0.9999999999999999,
        0.9999999999999999
      ],
      "name": "mixamorigRightHandThumb3",
      "extras": {
        "transformData": {
          "eulerOrder": "ZYX",
          "translation": [
            -0.0014297102963236608,
            0.2977579027786943,
            5.132214653258416e-10
          ],
          "preRotation": [
            -6.72166874935137,
            0,
            0
          ],
          "parentMatrixWorld": {
            "elements": [
              0.9906959037449112,
              0.13607785964225147,
              -0.002107680895311964,
              0,
              -0.13599969713375995,
              0.9904663609388491,
              0.021919628786635413,
              0,
              0.005070363211676726,
              -0.021429042484488993,
              0.9997575143766148,
              0,
              0.05466054022105227,
              0.39484191285337644,
              4.500114947347811e-9,
              1
            ]
          }
        }
      },
      "children": [
        16
      ]
    },
    {
      "rotation": [
        0.01086310762912035,
        0.001798806362785399,
        0.06818220019340515,
        0.9976121187210083
      ],
      "translation": [
        0.05466054022105227,
        0.39484191285337644,
        4.500114947347811e-9
      ],
      "name": "mixamorigRightHandThumb2",
      "extras": {
        "transformData": {
          "eulerOrder": "ZYX",
          "translation": [
            0.05466054022105227,
            0.39484191285337644,
            4.500114947347811e-9
          ],
          "preRotation": [
            4.370404127559387,
            0,
            0
          ],
          "parentMatrixWorld": {
            "elements": [
              0.9145778184828884,
              -0.3150211082521359,
              0.25359242393297077,
              0,
              0.14800238243686434,
              0.844292223003605,
              0.5150397469566094,
              0,
              -0.37635450165185436,
              -0.4335116463345734,
              0.8187948132507397,
              0,
              0.23605802167294718,
              0.438791958158264,
              -2.7776692057557284e-8,
              1
            ]
          }
        }
      },
      "children": [
        17
      ]
    },
    {
      "rotation": [
        0.2507442831993103,
        -0.16652296483516693,
        -0.12239768356084824,
        0.9457358121871948
      ],
      "translation": [
        0.23605802167294718,
        0.438791958158264,
        -2.7776692057557284e-8
      ],
      "scale": [
        1,
        0.9999999999999999,
        1
      ],
      "name": "mixamorigRightHandThumb1",
      "extras": {
        "transformData": {
          "eulerOrder": "ZYX",
          "translation": [
            0.23605802167294718,
            0.438791958158264,
            -2.7776692057557284e-8
          ],
          "preRotation": [
            -0.000016128462019539155,
            1.4310770801266517e-7,
            -20.39726324257611
          ],
          "parentMatrixWorld": {
            "elements": [
              0.974934820020781,
              -0.190327081938378,
              -0.11522890550063433,
              0,
              0.150401809463335,
              0.945423388341412,
              -0.2890569442109605,
              0,
              0.1639554649659682,
              0.2644810450055838,
              0.9503517172303765,
              0,
              -2.087363504266193e-9,
              1.78966193337597,
              1.5073720494029885e-8,
              1
            ]
          }
        }
      },
      "children": [
        18
      ]
    },
    {
      "rotation": [
        -2.3104699405336848e-8,
        -2.7755575315561374e-17,
        -4.163336505751586e-17,
        0.9999999999999998
      ],
      "translation": [
        0.0009061533373632691,
        0.2051814316340561,
        1.2378875702268033e-10
      ],
      "scale": [
        1,
        0.9999999999999999,
        0.9999999999999999
      ],
      "name": "mixamorigRightHandIndex4",
      "extras": {
        "transformData": {
          "eulerOrder": "ZYX",
          "translation": [
            0.0009061533373632691,
            0.2051814316340561,
            1.2378875702268033e-10
          ],
          "preRotation": [
            -0.000002647603525688448,
            -3.1805547573069526e-15,
            -4.770832135960428e-15
          ],
          "parentMatrixWorld": {
            "elements": [
              0.9992628939446373,
              0.026624423849168605,
              0.027655179238482916,
              0,
              -0.0316619237825684,
              0.16424963228731657,
              0.9859105906210373,
              0,
              0.021706945119007958,
              -0.9860594861219254,
              0.16497154326982597,
              0,
              0.0005414591091937315,
              0.3112351673741234,
              7.441545157860219e-10,
              1
            ]
          }
        }
      }
    },
    {
      "rotation": [
        0.6461504697799683,
        -0.0019490428967401385,
        0.019098540768027306,
        0.7629685997962952
      ],
      "translation": [
        0.0005414591091937315,
        0.3112351673741234,
        7.441545157860219e-10
      ],
      "scale": [
        1,
        0.9999999999999999,
        0.9999999999999999
      ],
      "name": "mixamorigRightHandIndex3",
      "extras": {
        "transformData": {
          "eulerOrder": "ZYX",
          "translation": [
            0.0005414591091937315,
            0.3112351673741234,
            7.441545157860219e-10
          ],
          "preRotation": [
            -0.6461785067970476,
            0,
            0
          ],
          "parentMatrixWorld": {
            "elements": [
              0.999184085885453,
              0.03175875797607744,
              0.024950827282425925,
              0,
              -0.02983894263673023,
              0.16416017068826771,
              0.9859822778880696,
              0,
              0.02721764120166248,
              -0.985922307334022,
              0.1649738778683787,
              0,
              -0.0014476152067781634,
              0.35397414546935924,
              1.2986602904163647e-9,
              1
            ]
          }
        }
      },
      "children": [
        20
      ]
    },
    {
      "rotation": [
        0.6461520791053772,
        0.0007427877280861139,
        0.020184284076094627,
        0.7629413604736328
      ],
      "translation": [
        -0.0014476152067781634,
        0.35397414546935924,
        1.2986602904163647e-9
      ],
      "name": "mixamorigRightHandIndex2",
      "extras": {
        "transformData": {
          "eulerOrder": "ZYX",
          "translation": [
            -0.0014476152067781634,
            0.35397414546935924,
            1.2986602904163647e-9
          ],
          "preRotation": [
            2.025875378336087,
            0,
            0
          ],
          "parentMatrixWorld": {
            "elements": [
              0.9976682819902953,
              0.06341886520642342,
              0.025219966236785296,
              0,
              -0.04914724783111518,
              0.41118296047417857,
              0.910226968291164,
              0,
              0.047355540242742855,
              -0.9093440676167773,
              0.41334106039678375,
              0,
              -1.3373263607618924e-10,
              0.9136253328257311,
              0.0022422043036218753,
              1
            ]
          }
        }
      },
      "children": [
        21
      ]
    },
    {
      "rotation": [
        0.5415589213371277,
        0.006588210817426443,
        0.03350305184721947,
        0.8399690985679626
      ],
      "translation": [
        -1.3373263607618924e-10,
        0.9136253328257311,
        0.0022422043036218753
      ],
      "name": "mixamorigRightHandIndex1",
      "extras": {
        "transformData": {
          "eulerOrder": "ZYX",
          "translation": [
            -1.3373263607618924e-10,
            0.9136253328257311,
            0.0022422043036218753
          ],
          "preRotation": [
            12.624403786120325,
            -6.323999608390114e-8,
            -5.638806434886464
          ],
          "parentMatrixWorld": {
            "elements": [
              0.974934820020781,
              -0.190327081938378,
              -0.11522890550063433,
              0,
              0.150401809463335,
              0.945423388341412,
              -0.2890569442109605,
              0,
              0.1639554649659682,
              0.2644810450055838,
              0.9503517172303765,
              0,
              -2.087363504266193e-9,
              1.78966193337597,
              1.5073720494029885e-8,
              1
            ]
          }
        }
      },
      "children": [
        22
      ]
    },
    {
      "rotation": [
        -0.1406766811246557,
        0.07095218652419119,
        -0.08659317072983218,
        0.9837060143714332
      ],
      "translation": [
        -2.087363504266193e-9,
        1.78966193337597,
        1.5073720494029885e-8
      ],
      "scale": [
        1,
        0.9999999999999999,
        0.9999999999999999
      ],
      "name": "mixamorigRightHand",
      "extras": {
        "transformData": {
          "eulerOrder": "ZYX",
          "translation": [
            -2.087363504266193e-9,
            1.78966193337597,
            1.5073720494029885e-8
          ],
          "preRotation": [
            5.1607647425690075,
            3.9964678601089854,
            2.4854588472062327
          ],
          "parentMatrixWorld": {
            "elements": [
              0.9932582873347731,
              -0.11393426639001325,
              0.021376578861955646,
              0,
              0.11417972569168783,
              0.9934032082629238,
              -0.010632806927268743,
              0,
              -0.02002412102048006,
              0.013001895413790699,
              0.9997149520317654,
              0,
              -7.781786770522103e-9,
              2.224293911934346,
              -2.0531698119441444e-8,
              1
            ]
          }
        }
      },
      "children": [
        19,
        23
      ]
    },
    {
      "rotation": [
        -0.0059187633861262695,
        -0.010367845682510021,
        -0.057125861993646276,
        0.9982956235613244
      ],
      "translation": [
        -7.781786770522103e-9,
        2.224293911934346,
        -2.0531698119441444e-8
      ],
      "name": "mixamorigRightForeArm",
      "extras": {
        "transformData": {
          "eulerOrder": "ZYX",
          "translation": [
            -7.781786770522103e-9,
            2.224293911934346,
            -2.0531698119441444e-8
          ],
          "preRotation": [
            12.772399116802882,
            -3.733655103274574e-7,
            -10.602571047554337
          ],
          "parentMatrixWorld": {
            "elements": [
              0.9999145100456422,
              0.0006847872454324583,
              0.013057705441802965,
              0,
              -0.012415161550897195,
              0.36309664806587494,
              0.9316687842987472,
              0,
              -0.004103214427923759,
              -0.9317512494971332,
              0.36307410869251955,
              0,
              1.6000514801994825e-10,
              0.8251733850042116,
              -1.0235361003196886e-8,
              1
            ]
          }
        }
      },
      "children": [
        24
      ]
    },
    {
      "rotation": [
        0.564301283289177,
        -0.005196857889942761,
        0.003967070109111583,
        0.8255430604970679
      ],
      "translation": [
        1.6000514801994825e-10,
        0.8251733850042116,
        -1.0235361003196886e-8
      ],
      "name": "mixamorigRightArm",
      "extras": {
        "transformData": {
          "eulerOrder": "ZYX",
          "translation": [
            1.6000514801994825e-10,
            0.8251733850042116,
            -1.0235361003196886e-8
          ],
          "preRotation": [
            43.99398750034266,
            -8.828347637680409,
            -2.335102060260835e-7
          ],
          "parentMatrixWorld": {
            "elements": [
              0.10982933282879337,
              -0.026427866000771127,
              0.9935990425378651,
              0,
              -0.9543146864928914,
              -0.28228284070741777,
              0.09797875453374587,
              0,
              0.277886611007963,
              -0.9589671136669158,
              -0.056223419029836075,
              0,
              -0.38388705253601074,
              0.8640718168978196,
              -0.002910464118348527,
              1
            ]
          }
        }
      },
      "children": [
        25
      ]
    },
    {
      "rotation": [
        0.6017340759351358,
        -0.40746510448553286,
        0.5282589537454118,
        0.4391249849686905
      ],
      "translation": [
        -0.38388705253601074,
        0.8640718168978196,
        -0.002910464118348527
      ],
      "scale": [
        1,
        0.9999999999999999,
        1
      ],
      "name": "mixamorigRightShoulder",
      "extras": {
        "transformData": {
          "eulerOrder": "ZYX",
          "translation": [
            -0.38388705253601074,
            0.8640718168978196,
            -0.002910464118348527
          ],
          "preRotation": [
            -69.07578373576513,
            -89.56836625802066,
            179.83773307876487
          ],
          "parentMatrixWorld": {
            "elements": [
              0.9998682123180753,
              0.01447394187978468,
              0.007352753774211455,
              0,
              -0.014611458360752984,
              0.9997125858253048,
              0.019006604009422397,
              0,
              -0.007075539991799029,
              -0.019111533634421515,
              0.9997923214315584,
              0,
              0,
              0.8985080534658376,
              -4.489351113079465e-10,
              1
            ]
          }
        }
      },
      "children": [
        26
      ]
    },
    {
      "rotation": [
        0.009530281491279751,
        -0.0036073562227446317,
        0.007271920107136354,
        0.9999216098370802
      ],
      "translation": [
        0,
        0.8985080534658376,
        -4.489351113079465e-10
      ],
      "name": "mixamorigSpine2",
      "extras": {
        "transformData": {
          "eulerOrder": "ZYX",
          "translation": [
            0,
            0.8985080534658376,
            -4.489351113079465e-10
          ],
          "parentMatrixWorld": {
            "elements": [
              0.999881789118122,
              0.013992507467550498,
              0.0063731879553360375,
              0,
              -0.01444459261845897,
              0.9968876449200479,
              0.0775008203172523,
              0,
              -0.005268921524397315,
              -0.07758371698063202,
              0.9969719180224881,
              0,
              0,
              0.7861955005555483,
              -7.916600708313126e-11,
              1
            ]
          }
        }
      },
      "children": [
        3,
        15,
        27
      ]
    },
    {
      "rotation": [
        0.03880150182527005,
        -0.0029128070412344706,
        0.007114843362967148,
        0.9992173627470475
      ],
      "translation": [
        0,
        0.7861955005555483,
        -7.916600708313126e-11
      ],
      "scale": [
        1,
        0.9999999999999999,
        0.9999999999999999
      ],
      "name": "mixamorigSpine1",
      "extras": {
        "transformData": {
          "eulerOrder": "ZYX",
          "translation": [
            0,
            0.7861955005555483,
            -7.916600708313126e-11
          ],
          "preRotation": [
            -0.0000018140726333728076,
            0,
            0
          ],
          "parentMatrixWorld": {
            "elements": [
              0.9854775490259188,
              -0.16961726582397416,
              0.007999042915931702,
              0,
              0.16768452230250577,
              0.9795090374085611,
              0.11155244636673074,
              0,
              -0.026756355008708994,
              -0.10859111586414973,
              0.9937263544532456,
              0,
              0,
              0.6738090515136719,
              -0.009914606809616089,
              1
            ]
          }
        }
      },
      "children": [
        28
      ]
    },
    {
      "rotation": [
        0.055322141056072596,
        -0.008734041581603853,
        -0.08476403721326302,
        0.9948257516269599
      ],
      "translation": [
        0,
        0.6738090515136719,
        -0.009914606809616089
      ],
      "name": "mixamorigSpine",
      "extras": {
        "transformData": {
          "eulerOrder": "ZYX",
          "translation": [
            0,
            0.6738090515136719,
            -0.009914606809616089
          ],
          "preRotation": [
            -0.8430058562834235,
            0,
            0
          ],
          "parentMatrixWorld": {
            "elements": [
              0.9930593119409323,
              0.040458010878616786,
              -0.11043710001282446,
              0,
              -0.0532375402103324,
              0.9918984243921273,
              -0.11533984940158906,
              0,
              0.10487596491022196,
              0.12041871076943869,
              0.9871678517059242,
              0,
              0.0019212729635259428,
              7.005467358288688,
              -0.16013274328307842,
              1
            ]
          }
        }
      },
      "children": [
        29
      ]
    },
    {
      "rotation": [
        -2.505847332472809e-10,
        -2.7620051321860757e-17,
        -6.921163192764685e-27,
        1
      ],
      "translation": [
        4.6008707954570127e-10,
        0.5941110095251354,
        1.5650361562258297e-10
      ],
      "name": "mixamorigLeftToe_End",
      "extras": {
        "transformData": {
          "eulerOrder": "ZYX",
          "translation": [
            4.6008707954570127e-10,
            0.5941110095251354,
            1.5650361562258297e-10
          ],
          "preRotation": [
            -2.8714895250961508e-8,
